<svg width="100%" height="100%" id="svg" viewBox="0 0 1440 390" xmlns="http://www.w3.org/2000/svg" class="transition duration-300 ease-in-out delay-150"><style>
          .path-0{
            animation:pathAnim-0 4s;
            animation-timing-function: linear;
            animation-iteration-count: infinite;
          }
          @keyframes pathAnim-0{
            0%{
              d: path("M 0,400 L 0,60 C 50.635491429276115,64.38747071155507 101.27098285855223,68.77494142311014 151,64 C 200.72901714144777,59.22505857688987 249.55155999506718,45.28770501911455 299,54 C 348.4484400049328,62.71229498088545 398.52277716117885,94.07423850043163 456,88 C 513.4772228388211,81.92576149956837 578.3573313602171,38.415340979158955 641,36 C 703.6426686397829,33.584659020841045 764.0478973979526,72.26439758293255 824,83 C 883.9521026020474,93.73560241706745 943.4510790479715,76.52706868911085 986,69 C 1028.5489209520285,61.472931310889145 1054.1477864101616,63.627327660624 1102,61 C 1149.8522135898384,58.372672339376 1219.9577753113824,50.96362066839314 1280,50 C 1340.0422246886176,49.03637933160686 1390.0211123443087,54.51818966580343 1440,60 L 1440,400 L 0,400 Z");
            }
            25%{
              d: path("M 0,400 L 0,60 C 38.21748674312492,66.21936120360094 76.43497348624985,72.43872240720188 139,63 C 201.56502651375015,53.56127759279813 288.47759279812556,28.464471574793443 338,33 C 387.52240720187444,37.53552842520656 399.654655321248,71.70339129362436 452,77 C 504.345344678752,82.29660870637564 596.9037859168825,58.72196325070909 653,48 C 709.0962140831175,37.27803674929091 728.730201011222,39.408755703539285 781,52 C 833.269798988778,64.59124429646072 918.1754100382291,87.6430139351338 978,83 C 1037.824589961771,78.3569860648662 1072.5681588358611,46.01918855592552 1118,41 C 1163.4318411641389,35.98081144407448 1219.5519546183255,58.28023184116414 1275,66 C 1330.4480453816745,73.71976815883586 1385.2240226908373,66.85988407941792 1440,60 L 1440,400 L 0,400 Z");
            }
            50%{
              d: path("M 0,400 L 0,60 C 35.215982241953384,62.82278949315575 70.43196448390677,65.6455789863115 131,69 C 191.56803551609323,72.3544210136885 277.4881243063263,76.24047354790972 340,78 C 402.5118756936737,79.75952645209028 441.615538290788,79.39252682204958 487,80 C 532.384461709212,80.60747317795042 584.0497225305216,82.18941916389197 640,79 C 695.9502774694784,75.81058083610803 756.1855715871255,67.84979652238255 805,63 C 853.8144284128745,58.15020347761746 891.2079911209768,56.411394746577876 937,53 C 982.7920088790232,49.588605253422124 1036.9824639289677,44.504624491305954 1102,48 C 1167.0175360710323,51.495375508694046 1242.862153163152,63.5701072881983 1301,67 C 1359.137846836848,70.4298927118017 1399.568923418424,65.21494635590085 1440,60 L 1440,400 L 0,400 Z");
            }
            75%{
              d: path("M 0,400 L 0,60 C 70.31688247626094,53.117030459982736 140.6337649525219,46.23406091996547 187,49 C 233.3662350474781,51.76593908003453 255.78182266617335,64.18078678012085 308,73 C 360.21817733382665,81.81921321987915 442.23894438278455,87.04279195955111 494,79 C 545.7610556172154,70.95720804044889 567.2623998026883,49.648045381674685 614,40 C 660.7376001973117,30.351954618325315 732.711456406462,32.36502651375015 799,31 C 865.288543593538,29.634973486249844 925.8917745714637,24.891848563324686 972,39 C 1018.1082254285363,53.108151436675314 1049.7214453076829,86.06757923295105 1103,85 C 1156.2785546923171,83.93242076704895 1231.2224441978049,48.837834504871125 1291,39 C 1350.7775558021951,29.16216549512887 1395.3887779010975,44.58108274756444 1440,60 L 1440,400 L 0,400 Z");
            }
            100%{
              d: path("M 0,400 L 0,60 C 50.635491429276115,64.38747071155507 101.27098285855223,68.77494142311014 151,64 C 200.72901714144777,59.22505857688987 249.55155999506718,45.28770501911455 299,54 C 348.4484400049328,62.71229498088545 398.52277716117885,94.07423850043163 456,88 C 513.4772228388211,81.92576149956837 578.3573313602171,38.415340979158955 641,36 C 703.6426686397829,33.584659020841045 764.0478973979526,72.26439758293255 824,83 C 883.9521026020474,93.73560241706745 943.4510790479715,76.52706868911085 986,69 C 1028.5489209520285,61.472931310889145 1054.1477864101616,63.627327660624 1102,61 C 1149.8522135898384,58.372672339376 1219.9577753113824,50.96362066839314 1280,50 C 1340.0422246886176,49.03637933160686 1390.0211123443087,54.51818966580343 1440,60 L 1440,400 L 0,400 Z");
            }
          }</style><defs><linearGradient id="gradient" x1="0%" y1="50%" x2="100%" y2="50%"><stop offset="5%" stop-color="#F78DA7"></stop><stop offset="95%" stop-color="#8ED1FC"></stop></linearGradient></defs><path d="M 0,400 L 0,60 C 50.635491429276115,64.38747071155507 101.27098285855223,68.77494142311014 151,64 C 200.72901714144777,59.22505857688987 249.55155999506718,45.28770501911455 299,54 C 348.4484400049328,62.71229498088545 398.52277716117885,94.07423850043163 456,88 C 513.4772228388211,81.92576149956837 578.3573313602171,38.415340979158955 641,36 C 703.6426686397829,33.584659020841045 764.0478973979526,72.26439758293255 824,83 C 883.9521026020474,93.73560241706745 943.4510790479715,76.52706868911085 986,69 C 1028.5489209520285,61.472931310889145 1054.1477864101616,63.627327660624 1102,61 C 1149.8522135898384,58.372672339376 1219.9577753113824,50.96362066839314 1280,50 C 1340.0422246886176,49.03637933160686 1390.0211123443087,54.51818966580343 1440,60 L 1440,400 L 0,400 Z" stroke="none" stroke-width="0" fill="url(#gradient)" fill-opacity="0.265" class="transition-all duration-300 ease-in-out delay-150 path-0"></path><style>
          .path-1{
            animation:pathAnim-1 4s;
            animation-timing-function: linear;
            animation-iteration-count: infinite;
          }
          @keyframes pathAnim-1{
            0%{
              d: path("M 0,400 L 0,140 C 68.38564557898631,151.07100752250585 136.77129115797263,162.1420150450117 189,159 C 241.22870884202737,155.8579849549883 277.3004809470958,138.502947342459 324,136 C 370.6995190529042,133.497052657541 428.0267850536442,145.8461955851523 482,144 C 535.9732149463558,142.1538044148477 586.5923788383277,126.1122703169318 635,116 C 683.4076211616723,105.8877296830682 729.6036995930448,101.7047231471205 781,114 C 832.3963004069552,126.2952768528795 888.9928227894932,155.06883709458626 942,155 C 995.0071772105068,154.93116290541374 1044.4250092489826,126.01992847453445 1100,122 C 1155.5749907510174,117.98007152546555 1217.3071402145763,138.85144900727587 1275,146 C 1332.6928597854237,153.14855099272413 1386.346429892712,146.57427549636208 1440,140 L 1440,400 L 0,400 Z");
            }
            25%{
              d: path("M 0,400 L 0,140 C 68.37203107658158,137.85813293871007 136.74406215316316,135.71626587742017 182,142 C 227.25593784683684,148.28373412257983 249.39578246392892,162.99306942902948 296,158 C 342.6042175360711,153.00693057097052 413.672807991121,128.31145640646196 475,129 C 536.327192008879,129.68854359353804 587.9129855715871,155.7611049451227 650,166 C 712.0870144284129,176.2388950548773 784.6752497225306,170.64412381304723 828,163 C 871.3247502774694,155.35587618695277 885.3860155382907,145.66239980268836 934,137 C 982.6139844617093,128.33760019731164 1065.7806881243066,120.70627697619929 1122,125 C 1178.2193118756934,129.2937230238007 1207.4912319644836,145.51249229251448 1256,150 C 1304.5087680355164,154.48750770748552 1372.2543840177582,147.24375385374276 1440,140 L 1440,400 L 0,400 Z");
            }
            50%{
              d: path("M 0,400 L 0,140 C 59.091823899371064,130.41775804661486 118.18364779874213,120.83551609322974 164,117 C 209.81635220125787,113.16448390677026 242.35723270440252,115.0756936736959 293,122 C 343.6427672955975,128.9243063263041 412.38742138364773,140.8617092119867 471,141 C 529.6125786163523,141.1382907880133 578.0930817610064,129.47746947835736 631,122 C 683.9069182389936,114.52253052164264 741.240251572327,111.22841287458381 802,117 C 862.759748427673,122.77158712541619 926.9459119496855,137.60887902330742 986,138 C 1045.0540880503145,138.39112097669258 1098.9761006289307,124.33607103218645 1143,121 C 1187.0238993710693,117.66392896781355 1221.1496855345913,125.04683684794674 1269,130 C 1316.8503144654087,134.95316315205326 1378.4251572327044,137.47658157602663 1440,140 L 1440,400 L 0,400 Z");
            }
            75%{
              d: path("M 0,400 L 0,140 C 46.834332223455405,150.52716734492537 93.66866444691081,161.05433468985078 150,166 C 206.3313355530892,170.94566531014922 272.15967443581206,170.30982858552227 324,163 C 375.84032556418794,155.69017141447773 413.6926378098409,141.70635096806018 473,133 C 532.3073621901591,124.29364903193981 613.0697743248243,120.86476754223702 663,119 C 712.9302256751757,117.13523245776298 732.028264890862,116.83457886299176 776,122 C 819.971735109138,127.16542113700824 888.8171661117278,137.79691700579602 953,132 C 1017.1828338882722,126.20308299420398 1076.7030706622272,103.97775311382414 1124,110 C 1171.2969293377728,116.02224688617586 1206.3705512393637,150.29207053890738 1257,160 C 1307.6294487606363,169.70792946109262 1373.8147243803182,154.8539647305463 1440,140 L 1440,400 L 0,400 Z");
            }
            100%{
              d: path("M 0,400 L 0,140 C 68.38564557898631,151.07100752250585 136.77129115797263,162.1420150450117 189,159 C 241.22870884202737,155.8579849549883 277.3004809470958,138.502947342459 324,136 C 370.6995190529042,133.497052657541 428.0267850536442,145.8461955851523 482,144 C 535.9732149463558,142.1538044148477 586.5923788383277,126.1122703169318 635,116 C 683.4076211616723,105.8877296830682 729.6036995930448,101.7047231471205 781,114 C 832.3963004069552,126.2952768528795 888.9928227894932,155.06883709458626 942,155 C 995.0071772105068,154.93116290541374 1044.4250092489826,126.01992847453445 1100,122 C 1155.5749907510174,117.98007152546555 1217.3071402145763,138.85144900727587 1275,146 C 1332.6928597854237,153.14855099272413 1386.346429892712,146.57427549636208 1440,140 L 1440,400 L 0,400 Z");
            }
          }</style><defs><linearGradient id="gradient" x1="0%" y1="50%" x2="100%" y2="50%"><stop offset="5%" stop-color="#F78DA7"></stop><stop offset="95%" stop-color="#8ED1FC"></stop></linearGradient></defs><path d="M 0,400 L 0,140 C 68.38564557898631,151.07100752250585 136.77129115797263,162.1420150450117 189,159 C 241.22870884202737,155.8579849549883 277.3004809470958,138.502947342459 324,136 C 370.6995190529042,133.497052657541 428.0267850536442,145.8461955851523 482,144 C 535.9732149463558,142.1538044148477 586.5923788383277,126.1122703169318 635,116 C 683.4076211616723,105.8877296830682 729.6036995930448,101.7047231471205 781,114 C 832.3963004069552,126.2952768528795 888.9928227894932,155.06883709458626 942,155 C 995.0071772105068,154.93116290541374 1044.4250092489826,126.01992847453445 1100,122 C 1155.5749907510174,117.98007152546555 1217.3071402145763,138.85144900727587 1275,146 C 1332.6928597854237,153.14855099272413 1386.346429892712,146.57427549636208 1440,140 L 1440,400 L 0,400 Z" stroke="none" stroke-width="0" fill="url(#gradient)" fill-opacity="0.4" class="transition-all duration-300 ease-in-out delay-150 path-1"></path><style>
          .path-2{
            animation:pathAnim-2 4s;
            animation-timing-function: linear;
            animation-iteration-count: infinite;
          }
          @keyframes pathAnim-2{
            0%{
              d: path("M 0,400 L 0,220 C 49.45798495498829,210.281514366753 98.91596990997658,200.56302873350597 152,207 C 205.08403009002342,213.43697126649403 261.794105315082,236.02939943272906 313,243 C 364.205894684918,249.97060056727094 409.9076088296954,241.31937353557777 460,233 C 510.0923911703046,224.68062646442223 564.5754593661364,216.69310642495992 617,209 C 669.4245406338636,201.30689357504008 719.7905537057591,193.90820076458257 774,193 C 828.2094462942409,192.09179923541743 886.2623258108275,197.67409051670984 942,202 C 997.7376741891725,206.32590948329016 1051.160143050931,209.39543716857813 1103,215 C 1154.839856949069,220.60456283142187 1205.0971019854483,228.74416080897768 1261,230 C 1316.9028980145517,231.25583919102232 1378.4514490072759,225.62791959551117 1440,220 L 1440,400 L 0,400 Z");
            }
            25%{
              d: path("M 0,400 L 0,220 C 54.30622764829202,232.4528795165865 108.61245529658405,244.90575903317304 156,244 C 203.38754470341595,243.09424096682696 243.85640646195588,228.82984338389443 291,223 C 338.1435935380441,217.17015661610557 391.96191885559256,219.77486743124922 452,222 C 512.0380811444074,224.22513256875078 578.2959181156739,226.07068689110866 636,227 C 693.7040818843261,227.92931310889134 742.8544086817118,227.94238500431618 803,227 C 863.1455913182882,226.05761499568382 934.2864471574794,224.1597730916266 986,232 C 1037.7135528425206,239.8402269083734 1069.999802688371,257.41852262917746 1112,248 C 1154.000197311629,238.58147737082254 1205.7143420890368,202.16613639166357 1262,193 C 1318.2856579109632,183.83386360833643 1379.1428289554815,201.9169318041682 1440,220 L 1440,400 L 0,400 Z");
            }
            50%{
              d: path("M 0,400 L 0,220 C 53.766383031199894,228.1985448267357 107.53276606239979,236.39708965347145 162,231 C 216.4672339376002,225.60291034652855 271.63531878160074,206.61018621284992 324,204 C 376.36468121839926,201.38981378715008 425.92595881119735,215.16216549512885 478,220 C 530.0740411888027,224.83783450487115 584.6608459736096,220.7411518066346 630,215 C 675.3391540263904,209.2588481933654 711.4306572943641,201.87322727833273 774,204 C 836.5693427056359,206.12677272166727 925.6165248489333,217.7659390800345 984,217 C 1042.3834751510667,216.2340609199655 1070.1032433099026,203.06301640152918 1114,205 C 1157.8967566900974,206.93698359847082 1217.9705019114565,223.9819953138488 1275,229 C 1332.0294980885435,234.0180046861512 1386.0147490442719,227.0090023430756 1440,220 L 1440,400 L 0,400 Z");
            }
            75%{
              d: path("M 0,400 L 0,220 C 61.54564064619558,208.93303736588973 123.09128129239116,197.8660747317795 169,192 C 214.90871870760884,186.1339252682205 245.1805154766309,185.46873843877174 294,194 C 342.8194845233691,202.53126156122826 410.1866568010852,220.25897151313356 472,228 C 533.8133431989148,235.74102848686644 590.0728573190281,233.49537550869405 643,222 C 695.9271426809719,210.50462449130595 745.521913922802,189.75952645209028 790,198 C 834.478086077198,206.24047354790972 873.8394869897643,243.4665186829449 932,249 C 990.1605130102357,254.5334813170551 1067.1201381181404,228.37439881613028 1123,213 C 1178.8798618818596,197.62560118386972 1213.6799605376743,193.03588605253418 1263,196 C 1312.3200394623257,198.96411394746582 1376.1600197311627,209.4820569737329 1440,220 L 1440,400 L 0,400 Z");
            }
            100%{
              d: path("M 0,400 L 0,220 C 49.45798495498829,210.281514366753 98.91596990997658,200.56302873350597 152,207 C 205.08403009002342,213.43697126649403 261.794105315082,236.02939943272906 313,243 C 364.205894684918,249.97060056727094 409.9076088296954,241.31937353557777 460,233 C 510.0923911703046,224.68062646442223 564.5754593661364,216.69310642495992 617,209 C 669.4245406338636,201.30689357504008 719.7905537057591,193.90820076458257 774,193 C 828.2094462942409,192.09179923541743 886.2623258108275,197.67409051670984 942,202 C 997.7376741891725,206.32590948329016 1051.160143050931,209.39543716857813 1103,215 C 1154.839856949069,220.60456283142187 1205.0971019854483,228.74416080897768 1261,230 C 1316.9028980145517,231.25583919102232 1378.4514490072759,225.62791959551117 1440,220 L 1440,400 L 0,400 Z");
            }
          }</style><defs><linearGradient id="gradient" x1="0%" y1="50%" x2="100%" y2="50%"><stop offset="5%" stop-color="#F78DA7"></stop><stop offset="95%" stop-color="#8ED1FC"></stop></linearGradient></defs><path d="M 0,400 L 0,220 C 49.45798495498829,210.281514366753 98.91596990997658,200.56302873350597 152,207 C 205.08403009002342,213.43697126649403 261.794105315082,236.02939943272906 313,243 C 364.205894684918,249.97060056727094 409.9076088296954,241.31937353557777 460,233 C 510.0923911703046,224.68062646442223 564.5754593661364,216.69310642495992 617,209 C 669.4245406338636,201.30689357504008 719.7905537057591,193.90820076458257 774,193 C 828.2094462942409,192.09179923541743 886.2623258108275,197.67409051670984 942,202 C 997.7376741891725,206.32590948329016 1051.160143050931,209.39543716857813 1103,215 C 1154.839856949069,220.60456283142187 1205.0971019854483,228.74416080897768 1261,230 C 1316.9028980145517,231.25583919102232 1378.4514490072759,225.62791959551117 1440,220 L 1440,400 L 0,400 Z" stroke="none" stroke-width="0" fill="url(#gradient)" fill-opacity="0.53" class="transition-all duration-300 ease-in-out delay-150 path-2"></path><style>
          .path-3{
            animation:pathAnim-3 4s;
            animation-timing-function: linear;
            animation-iteration-count: infinite;
          }
          @keyframes pathAnim-3{
            0%{
              d: path("M 0,400 L 0,300 C 67.32687137748181,286.9421630287335 134.65374275496362,273.88432605746704 183,276 C 231.34625724503638,278.11567394253296 260.7119003576273,295.4048587988654 311,299 C 361.2880996423727,302.5951412011346 432.49865581452696,292.49623874707123 487,289 C 541.501344185473,285.50376125292877 579.2934763842644,288.61018621284995 624,286 C 668.7065236157356,283.38981378715005 720.3274386484154,275.0630164015291 776,273 C 831.6725613515846,270.9369835984709 891.3967690220743,275.13774818103343 958,288 C 1024.6032309779257,300.86225181896657 1098.0854852632876,322.38599087433715 1149,324 C 1199.9145147367124,325.61400912566285 1228.261289924775,307.31828832161796 1273,300 C 1317.738710075225,292.68171167838204 1378.8693550376124,296.340855839191 1440,300 L 1440,400 L 0,400 Z");
            }
            25%{
              d: path("M 0,400 L 0,300 C 54.324824269330364,300.3404612159329 108.64964853866073,300.68092243186584 155,306 C 201.35035146133927,311.31907756813416 239.72623011468744,321.61677148846957 294,316 C 348.27376988531256,310.38322851153043 418.44543100258966,288.8519916142558 475,282 C 531.5545689974103,275.1480083857442 574.4920458749538,282.9752620545073 632,287 C 689.5079541250462,291.0247379454927 761.5863854975953,291.2469601677148 821,294 C 880.4136145024047,296.7530398322852 927.1624121346651,302.03689727463313 977,307 C 1026.8375878653349,311.96310272536687 1079.7639659637439,316.60545073375266 1137,308 C 1194.2360340362561,299.39454926624734 1255.7817240103589,277.5412997903564 1307,274 C 1358.2182759896411,270.4587002096436 1399.1091379948207,285.22935010482183 1440,300 L 1440,400 L 0,400 Z");
            }
            50%{
              d: path("M 0,400 L 0,300 C 44.991244296460735,315.50854605993345 89.98248859292147,331.01709211986685 146,322 C 202.01751140707853,312.98290788013315 269.0612899247749,279.4401775804661 324,277 C 378.9387100752251,274.5598224195339 421.7723517079788,303.2221975582686 466,311 C 510.2276482920212,318.7778024417314 555.8493032433099,305.6710321864595 618,295 C 680.1506967566901,284.3289678135405 758.8304353187815,276.0936736958935 811,275 C 863.1695646812185,273.9063263041065 888.8289554815638,279.9542730299667 945,290 C 1001.1710445184362,300.0457269700333 1087.8537427549636,314.08923418423973 1146,308 C 1204.1462572450364,301.91076581576027 1233.7560734985818,275.68879023307437 1278,271 C 1322.2439265014182,266.31120976692563 1381.121963250709,283.15560488346284 1440,300 L 1440,400 L 0,400 Z");
            }
            75%{
              d: path("M 0,400 L 0,300 C 59.5997040325564,293.0032309779258 119.1994080651128,286.00646195585153 163,293 C 206.8005919348872,299.99353804414847 234.80207177210508,320.97738315451966 290,322 C 345.1979282278949,323.02261684548034 427.59230484646685,304.0840054260698 487,297 C 546.4076951535332,289.9159945739302 582.8287088420275,294.68659514120117 636,307 C 689.1712911579725,319.31340485879883 759.0928597854236,339.16961400912567 810,328 C 860.9071402145764,316.83038599087433 892.7998520162782,274.63494882229617 941,272 C 989.2001479837218,269.36505117770383 1053.7077321494635,306.2905907016895 1114,312 C 1174.2922678505365,317.7094092983105 1230.3692193858676,292.20268837094585 1284,285 C 1337.6307806141324,277.79731162905415 1388.815390307066,288.89865581452705 1440,300 L 1440,400 L 0,400 Z");
            }
            100%{
              d: path("M 0,400 L 0,300 C 67.32687137748181,286.9421630287335 134.65374275496362,273.88432605746704 183,276 C 231.34625724503638,278.11567394253296 260.7119003576273,295.4048587988654 311,299 C 361.2880996423727,302.5951412011346 432.49865581452696,292.49623874707123 487,289 C 541.501344185473,285.50376125292877 579.2934763842644,288.61018621284995 624,286 C 668.7065236157356,283.38981378715005 720.3274386484154,275.0630164015291 776,273 C 831.6725613515846,270.9369835984709 891.3967690220743,275.13774818103343 958,288 C 1024.6032309779257,300.86225181896657 1098.0854852632876,322.38599087433715 1149,324 C 1199.9145147367124,325.61400912566285 1228.261289924775,307.31828832161796 1273,300 C 1317.738710075225,292.68171167838204 1378.8693550376124,296.340855839191 1440,300 L 1440,400 L 0,400 Z");
            }
          }</style><defs><linearGradient id="gradient" x1="0%" y1="50%" x2="100%" y2="50%"><stop offset="5%" stop-color="#F78DA7"></stop><stop offset="95%" stop-color="#8ED1FC"></stop></linearGradient></defs><path d="M 0,400 L 0,300 C 67.32687137748181,286.9421630287335 134.65374275496362,273.88432605746704 183,276 C 231.34625724503638,278.11567394253296 260.7119003576273,295.4048587988654 311,299 C 361.2880996423727,302.5951412011346 432.49865581452696,292.49623874707123 487,289 C 541.501344185473,285.50376125292877 579.2934763842644,288.61018621284995 624,286 C 668.7065236157356,283.38981378715005 720.3274386484154,275.0630164015291 776,273 C 831.6725613515846,270.9369835984709 891.3967690220743,275.13774818103343 958,288 C 1024.6032309779257,300.86225181896657 1098.0854852632876,322.38599087433715 1149,324 C 1199.9145147367124,325.61400912566285 1228.261289924775,307.31828832161796 1273,300 C 1317.738710075225,292.68171167838204 1378.8693550376124,296.340855839191 1440,300 L 1440,400 L 0,400 Z" stroke="none" stroke-width="0" fill="url(#gradient)" fill-opacity="1" class="transition-all duration-300 ease-in-out delay-150 path-3"></path></svg>